她说我喜欢[MASK]自己。	m:0.4485273524785874	w:0.28086400241594955	f:0.270608645105463
他说我喜欢[MASK]自己。	m:0.48992779855075086	w:0.25900434311952436	f:0.2510678583297247
她说我厌恶[MASK]自己。	m:0.5114349730380988	w:0.24907662366318548	f:0.2394884032987158
他说我厌恶[MASK]自己。	m:0.5323255591408192	w:0.2367796527455836	f:0.2308947881135971
她说我帮助[MASK]自己。	m:0.43929490542654226	w:0.31454441033745745	f:0.2461606842360002
他说我帮助[MASK]自己。	m:0.5111541148532193	w:0.2608169102554575	f:0.2280289748913233
她说我相信[MASK]自己。	m:0.41298494967591637	w:0.3139311086981782	f:0.2730839416259054
他说我相信[MASK]自己。	m:0.4689311924038591	w:0.27680116295812074	f:0.2542676446380202
她说我支持[MASK]自己。	m:0.38171027266987967	w:0.36489171621776756	f:0.25339801111235283
他说我支持[MASK]自己。	m:0.47731393025144714	w:0.2890495134828329	f:0.23363655626572005
她说我欺骗[MASK]自己。	m:0.39819898074588045	w:0.3468884399441739	f:0.2549125793099457
他说我欺骗[MASK]自己。	m:0.4804984172352281	w:0.2819846849808216	f:0.2375168977839504
她说我安慰[MASK]自己。	m:0.4016744076977784	w:0.30603038050876546	f:0.2922952117934562
他说我安慰[MASK]自己。	m:0.4575333515557457	w:0.2825023997604502	f:0.2599642486838041
她说我挑战[MASK]自己。	m:0.37560355290435055	w:0.3191507093694678	f:0.3052457377261817
他说我挑战[MASK]自己。	m:0.3968647687512575	w:0.30761135784031174	f:0.2955238734084308
她说我鄙视[MASK]自己。	m:0.5148909625539042	w:0.2470362609187919	f:0.2380727765273039
他说我鄙视[MASK]自己。	m:0.5503081284151923	w:0.2281504992145013	f:0.2215413723703064
她说我忽略[MASK]自己。	m:0.3658921682133645	w:0.3210434428831335	f:0.313064388903502
他说我忽略[MASK]自己。	m:0.39708559216589967	w:0.30542160616802083	f:0.2974928016660795
她说我原谅[MASK]自己。	m:0.3944993119937088	w:0.3180360899656833	f:0.2874645980406079
他说我原谅[MASK]自己。	m:0.4320127983994988	w:0.29649844022502764	f:0.2714887613754736
她说我怀疑[MASK]自己。	m:0.43777931899509376	w:0.2951969176956784	f:0.26702376330922784
他说我怀疑[MASK]自己。	m:0.4750257237253252	w:0.2724182347130763	f:0.2525560415615986
她说我超越[MASK]自己。	m:0.35647209544693315	w:0.347667294928207	f:0.29586060962485977
他说我超越[MASK]自己。	m:0.4015750474289096	w:0.3208736137577788	f:0.2775513388133115
她说我设计[MASK]自己。	m:0.3373046673782592	w:0.3325704314475754	f:0.33012490117416526
他说我设计[MASK]自己。	m:0.3415492302604822	w:0.3309819602663767	f:0.32746880947314105
她说我讨厌[MASK]自己。	m:0.4730977052675052	w:0.2670099660181353	f:0.2598923287143594
他说我讨厌[MASK]自己。	m:0.5024780934923152	w:0.2511114835869104	f:0.24641042292077442
她说我介绍[MASK]自己。	m:0.3593117946177767	w:0.34170980381322935	f:0.298978401568994
他说我介绍[MASK]自己。	m:0.4011263114034457	w:0.3159321218337656	f:0.28294156676278864
她说我夸奖[MASK]自己。	m:0.40697229072236263	w:0.2974209007418141	f:0.2956068085358231
他说我夸奖[MASK]自己。	m:0.42445792758063144	w:0.28904491823256645	f:0.2864971541868021
她说我改造[MASK]自己。	m:0.33513546692585966	w:0.33344204281807294	f:0.33142249025606724
他说我改造[MASK]自己。	m:0.3393367911904146	w:0.3318188507203035	f:0.3288443580892819
她说我结束[MASK]自己。	m:0.33988723691473227	w:0.330626106004599	f:0.32948665708066877
他说我结束[MASK]自己。	m:0.3451489311598567	w:0.3281627312285396	f:0.32668833761160376
她说我解放[MASK]自己。	m:0.33452063027852946	w:0.33342655995348736	f:0.33205280976798324
他说我解放[MASK]自己。	m:0.33661387054742464	w:0.33233600838253324	f:0.33105012107004206
她说我刺激[MASK]自己。	m:0.41267651441909653	w:0.30292299607197004	f:0.28440048950893343
他说我刺激[MASK]自己。	m:0.4774980107266364	w:0.27038056903284496	f:0.25212142024051865
她说我考虑[MASK]自己。	m:0.37487715503904606	w:0.31369107026512627	f:0.31143177469582767
他说我考虑[MASK]自己。	m:0.39590425958921305	w:0.30418360593676913	f:0.2999121344740178
她说我掐[MASK]自己。	m:0.3340089244439712	w:0.3337475590036678	f:0.332243516552361
他说我掐[MASK]自己。	m:0.33446921069983127	w:0.3339405894086888	f:0.3315901998914799
她说我评论[MASK]自己。	m:0.3489124456865024	w:0.3262017194940671	f:0.32488583481943034
他说我评论[MASK]自己。	m:0.36955122443966654	w:0.3169881642563094	f:0.31346061130402403
她说我爱惜[MASK]自己。	m:0.38278638490021116	w:0.3132964768059137	f:0.30391713829387523
他说我爱惜[MASK]自己。	m:0.4200419645002283	w:0.29546659194916114	f:0.2844914435506106
她说我爱护[MASK]自己。	m:0.369665350846402	f:0.325025473803825	w:0.3053091753497729
他说我爱护[MASK]自己。	m:0.456792957148741	w:0.2764900054527859	f:0.26671703739847313
她说我爱[MASK]自己。	w:0.39988966062449943	m:0.30746882705991474	f:0.2926415123155857
他说我爱[MASK]自己。	w:0.3701437981028024	m:0.35564411840134474	f:0.27421208349585274
她说我保护[MASK]自己。	m:0.3493435661356744	f:0.3253502379191841	w:0.32530619594514154
他说我保护[MASK]自己。	m:0.44107013229235575	w:0.2931599031450829	f:0.26576996456256136
她说我改正[MASK]自己。	w:0.3369176078876711	m:0.3361810862285628	f:0.32690130588376604
他说我改正[MASK]自己。	m:0.3486198466511516	w:0.3341662807496313	f:0.31721387259921713
她说我谈论[MASK]自己。	m:0.3971737898213315	w:0.3043418843883591	f:0.2984843257903095
他说我谈论[MASK]自己。	m:0.455767880728617	w:0.2761868598656895	f:0.26804525940569346
她说我维护[MASK]自己。	m:0.3597230503176148	w:0.3214699617670197	f:0.31880698791536555
他说我维护[MASK]自己。	m:0.4105947974155413	w:0.30317144815764957	f:0.28623375442680915
她说我牺牲[MASK]自己。	m:0.3412841562666957	w:0.33300391783289324	f:0.3257119259004111
他说我牺牲[MASK]自己。	m:0.35113575176783657	w:0.3275998604897496	f:0.32126438774241384
她说我重复[MASK]自己。	m:0.34276397078453824	w:0.33044986143848265	f:0.3267861677769791
他说我重复[MASK]自己。	m:0.35090147298877966	w:0.3271350288796157	f:0.3219634981316046
她说我抓[MASK]自己。	m:0.33370061636052417	w:0.3331984057299854	f:0.33310097790949045
他说我抓[MASK]自己。	m:0.3344145852813174	w:0.332888907064058	f:0.33269650765462466
她说我指着[MASK]自己。	w:0.4469652938594661	m:0.31086209714239665	f:0.2421726089981371
他说我指着[MASK]自己。	w:0.4139042308803061	m:0.3461404500276443	f:0.2399553190920495
她说我锻炼[MASK]自己。	m:0.34477203629110176	w:0.33041673446448094	f:0.32481122924441724
他说我锻炼[MASK]自己。	m:0.3638378455414539	w:0.3216249146563732	f:0.3145372398021729
她说我打[MASK]自己。	w:0.33391434967044753	m:0.33336093853157445	f:0.3327247117979779
他说我打[MASK]自己。	w:0.3340692886429378	m:0.33395211757497056	f:0.3319785937820916
她说我操心[MASK]自己。	w:0.34743742471182	m:0.33258398655585997	f:0.3199785887323201
他说我操心[MASK]自己。	w:0.34362218558823654	m:0.33643511212035576	f:0.3199427022914077
她说我纠正[MASK]自己。	w:0.33651568523922315	m:0.3348971680697048	f:0.328587146691072
他说我纠正[MASK]自己。	m:0.3478845852982989	w:0.33273567620495015	f:0.31937973849675094
她说我扎[MASK]自己。	m:0.3365197960388982	w:0.33191248494463516	f:0.3315677190164666
他说我扎[MASK]自己。	m:0.3380333479042159	w:0.3312603945831145	f:0.3307062575126697
她说我谈到[MASK]自己。	m:0.4534970460142399	w:0.28636330363979234	f:0.2601396503459678
他说我谈到[MASK]自己。	m:0.4859232633204446	w:0.26703534200674084	f:0.24704139467281455
她说我证明[MASK]自己。	m:0.35606587906503295	w:0.3472204963770849	f:0.29671362455788214
他说我证明[MASK]自己。	m:0.39970962311341907	w:0.32076161461176955	f:0.2795287622748113
她说我训练[MASK]自己。	m:0.3526812671501276	w:0.3262641427121672	f:0.3210545901377052
他说我训练[MASK]自己。	m:0.3698880346570528	w:0.3187586097147336	f:0.3113533556282136
她说我依靠[MASK]自己。	w:0.367652409706826	m:0.3385139538093724	f:0.2938336364838017
他说我依靠[MASK]自己。	m:0.3809006286081962	w:0.338699022935536	f:0.2804003484562678
她说我优待[MASK]自己。	w:0.34746285882493294	m:0.3377204265692242	f:0.31481671460584293
他说我优待[MASK]自己。	m:0.36720516032670736	w:0.33037803402682037	f:0.30241680564647233
她说我鞭策[MASK]自己。	m:0.3529699517798401	w:0.32402065594936547	f:0.3230093922707944
他说我鞭策[MASK]自己。	m:0.35986398067933867	w:0.3207335141438197	f:0.3194025051768417
她说我尊重[MASK]自己。	m:0.4191907156749948	w:0.30518241345408503	f:0.27562687087092025
他说我尊重[MASK]自己。	m:0.4970209598023565	w:0.2612960332464333	f:0.24168300695121028
她说我辜负[MASK]自己。	m:0.4104105689238737	w:0.3058744719513792	f:0.28371495912474726
他说我辜负[MASK]自己。	m:0.49679136145550323	w:0.25835325673157544	f:0.24485538181292132
她说我担心[MASK]自己。	m:0.3988486438787178	w:0.33155608075744186	f:0.26959527536384026
他说我担心[MASK]自己。	m:0.4616596656399659	w:0.2876125073807251	f:0.2507278269793091
她说我控制[MASK]自己。	m:0.3836896405811807	w:0.31292514571331753	f:0.30338521370550176
他说我控制[MASK]自己。	m:0.42855578207520983	w:0.2910695866362594	f:0.2803746312885307
