她说我喜[MASK]自己。	m:0.3333333740710608	w:0.33333333339209353	f:0.3333332925368457
他说我喜[MASK]自己。	m:0.33333336668037117	w:0.333333323376898	f:0.33333330994273075
她说我厌[MASK]自己。	m:0.333871158942755	w:0.3330966309279617	f:0.33303221012928325
他说我厌[MASK]自己。	m:0.33360917318113775	w:0.3332064163418476	f:0.3331844104770146
她说我帮[MASK]自己。	m:0.3447093279482008	w:0.32905195941947935	f:0.32623871263231996
他说我帮[MASK]自己。	m:0.3576464407066051	w:0.3223112782690666	f:0.3200422810243283
她说我相[MASK]自己。	m:0.3347363070491441	f:0.33265470878914855	w:0.3326089841617074
他说我相[MASK]自己。	m:0.33664744823479487	w:0.3317346022598633	f:0.33161794950534185
她说我支[MASK]自己。	m:0.3333800740209121	w:0.33331019097857467	f:0.3333097350005133
他说我支[MASK]自己。	m:0.33348606933520863	w:0.33325944757119086	f:0.33325448309360056
她说我欺[MASK]自己。	m:0.33423362316341526	w:0.333077772712897	f:0.3326886041236877
他说我欺[MASK]自己。	m:0.33586519129493936	w:0.3323582967181476	f:0.33177651198691305
她说我安[MASK]自己。	m:0.3339568390831831	w:0.33306996435225555	f:0.3329731965645614
他说我安[MASK]自己。	m:0.3345649428204872	w:0.33278826706542547	f:0.3326467901140874
她说我挑[MASK]自己。	m:0.33377660777962376	w:0.33319254521355735	f:0.3330308470068189
他说我挑[MASK]自己。	m:0.33460306398860645	w:0.3328531958443493	f:0.33254374016704424
她说我鄙[MASK]自己。	m:0.3334247860398852	w:0.333335270279179	f:0.3332399436809359
他说我鄙[MASK]自己。	m:0.3337026906872822	w:0.33323510879729884	f:0.33306220051541907
她说我忽[MASK]自己。	w:0.3334064560045174	m:0.3332979734437642	f:0.3332955705517183
他说我忽[MASK]自己。	w:0.3335279264706421	m:0.33323984712500015	f:0.3332322264043576
她说我原[MASK]自己。	w:0.33340355639135544	m:0.3333362975167532	f:0.33326014609189136
他说我原[MASK]自己。	w:0.3334589072052661	m:0.3333244300920069	f:0.33321666270272704
她说我怀[MASK]自己。	w:0.3352274266840556	m:0.3339870431176444	f:0.33078553019830004
他说我怀[MASK]自己。	w:0.33526040122471884	m:0.3347213918145445	f:0.33001820696073664
她说我超[MASK]自己。	w:0.3337061035573476	m:0.3331833007747612	f:0.33311059566789125
他说我超[MASK]自己。	w:0.33400383534717554	m:0.3331045021581451	f:0.33289166249467933
她说我设[MASK]自己。	m:0.33420960877627753	w:0.3330206819297984	f:0.332769709293924
他说我设[MASK]自己。	m:0.3347690581055139	w:0.33278475221113296	f:0.3324461896833532
她说我讨[MASK]自己。	m:0.33333374276758243	w:0.33333320554852186	f:0.3333330516838957
他说我讨[MASK]自己。	m:0.3333367284394587	w:0.3333318429795919	f:0.33333142858094944
她说我介[MASK]自己。	w:0.3333700703413568	m:0.33332597079351584	f:0.3333039588651274
他说我介[MASK]自己。	w:0.3333804313377285	m:0.333333368217957	f:0.33328620044431445
她说我夸[MASK]自己。	m:0.3336108439831847	w:0.3332717998376384	f:0.3331173561791769
他说我夸[MASK]自己。	m:0.33423126867344144	w:0.3331156214128265	f:0.3326531099137319
她说我改[MASK]自己。	m:0.33334218375758073	w:0.3333376716068953	f:0.3333201446355239
他说我改[MASK]自己。	m:0.33336850987248484	w:0.3333445310090373	f:0.33328695911847783
她说我结[MASK]自己。	w:0.3333797719501596	m:0.3333434439561777	f:0.3332767840936626
他说我结[MASK]自己。	w:0.33344260862331027	m:0.33335369536567444	f:0.3332036960110153
她说我解[MASK]自己。	m:0.33369176588067906	w:0.3331648271261646	f:0.33314340699315637
他说我解[MASK]自己。	m:0.33393888038307545	w:0.3330520330033412	f:0.3330090866135834
她说我刺[MASK]自己。	m:0.333630954982774	w:0.33333237052416465	f:0.3330366744930613
他说我刺[MASK]自己。	m:0.334093375959112	w:0.33312356853547065	f:0.3327830555054173
她说我考[MASK]自己。	m:0.3333377965932428	w:0.33333242263144275	f:0.33332978077531444
他说我考[MASK]自己。	m:0.333352072126869	w:0.33332806597964293	f:0.3333198618934881
她说我[MASK]自己。	w:0.33532213707968983	m:0.3334449297012172	f:0.3312329332190929
他说我[MASK]自己。	m:0.3385088675456836	w:0.3334700573430077	f:0.3280210751113086
她说我评[MASK]自己。	w:0.33482441304932453	m:0.3328189992125023	f:0.3323565877381733
他说我评[MASK]自己。	w:0.33718151814845676	m:0.3325227337683119	f:0.33029574808323137
她说我爱[MASK]自己。	w:0.39988966062449943	m:0.30746882705991474	f:0.2926415123155857
他说我爱[MASK]自己。	w:0.3701437981028024	m:0.35564411840134474	f:0.27421208349585274
她说我爱[MASK]自己。	w:0.39988966062449943	m:0.30746882705991474	f:0.2926415123155857
他说我爱[MASK]自己。	w:0.3701437981028024	m:0.35564411840134474	f:0.27421208349585274
她说我[MASK]自己。	w:0.33532213707968983	m:0.3334449297012172	f:0.3312329332190929
他说我[MASK]自己。	m:0.3385088675456836	w:0.3334700573430077	f:0.3280210751113086
她说我保[MASK]自己。	w:0.3334777761618117	m:0.3332822045304727	f:0.3332400193077157
他说我保[MASK]自己。	w:0.33350959263520874	m:0.3332764534268827	f:0.33321395393790854
她说我改[MASK]自己。	m:0.33334218375758073	w:0.3333376716068953	f:0.3333201446355239
他说我改[MASK]自己。	m:0.33336850987248484	w:0.3333445310090373	f:0.33328695911847783
她说我谈[MASK]自己。	m:0.33743377980631684	w:0.33356833725456964	f:0.32899788293911364
他说我谈[MASK]自己。	m:0.3442533711176294	w:0.33148723514526546	f:0.3242593937371051
她说我维[MASK]自己。	m:0.33367468843231496	w:0.33317363276456746	f:0.3331516788031177
他说我维[MASK]自己。	m:0.3339986436761815	w:0.3330424929276452	f:0.33295886339617325
她说我牺[MASK]自己。	w:0.3333334337831322	m:0.33333330317119064	f:0.3333332630456771
他说我牺[MASK]自己。	w:0.33333348910927313	m:0.33333336046187545	f:0.3333331504288513
她说我重[MASK]自己。	w:0.3333519111377679	m:0.33333224352896174	f:0.3333158453332704
他说我重[MASK]自己。	w:0.3333608781345304	m:0.33334047790242916	f:0.3332986439630404
她说我[MASK]自己。	w:0.33532213707968983	m:0.3334449297012172	f:0.3312329332190929
他说我[MASK]自己。	m:0.3385088675456836	w:0.3334700573430077	f:0.3280210751113086
她说我指[MASK]自己。	w:0.33651830300796226	m:0.33265662373107086	f:0.33082507326096683
他说我指[MASK]自己。	w:0.3381684714919991	m:0.33286254181032154	f:0.32896898669767943
她说我锻[MASK]自己。	m:0.3343572288558215	w:0.33284277411962493	f:0.33279999702455354
他说我锻[MASK]自己。	m:0.3355052174376053	w:0.3322816980236773	f:0.3322130845387174
她说我[MASK]自己。	w:0.33532213707968983	m:0.3334449297012172	f:0.3312329332190929
他说我[MASK]自己。	m:0.3385088675456836	w:0.3334700573430077	f:0.3280210751113086
她说我操[MASK]自己。	w:0.3334199467799798	m:0.33336603197844666	f:0.33321402124157345
他说我操[MASK]自己。	m:0.3335399434513277	w:0.3334085195200781	f:0.33305153702859425
她说我纠[MASK]自己。	m:0.33432365766059186	f:0.33285555558455854	w:0.33282078675484966
他说我纠[MASK]自己。	m:0.3353866587411285	w:0.3323265247459436	f:0.33228681651292785
她说我[MASK]自己。	w:0.33532213707968983	m:0.3334449297012172	f:0.3312329332190929
他说我[MASK]自己。	m:0.3385088675456836	w:0.3334700573430077	f:0.3280210751113086
她说我谈[MASK]自己。	m:0.33743377980631684	w:0.33356833725456964	f:0.32899788293911364
他说我谈[MASK]自己。	m:0.3442533711176294	w:0.33148723514526546	f:0.3242593937371051
她说我证[MASK]自己。	m:0.3366243332810937	w:0.33212492180804726	f:0.331250744910859
他说我证[MASK]自己。	m:0.33935588043151393	w:0.33083766471698334	f:0.3298064548515026
她说我训[MASK]自己。	m:0.33334066597580997	w:0.3333305793958042	f:0.33332875462838585
他说我训[MASK]自己。	m:0.3333695789368018	w:0.3333177300335528	f:0.3333126910296454
她说我依[MASK]自己。	m:0.33474781890696476	w:0.33359645452131004	f:0.33165572657172515
他说我依[MASK]自己。	m:0.3358513522362626	w:0.3331241912205584	f:0.33102445654317897
她说我优[MASK]自己。	w:0.3339109586441744	m:0.3330977556893342	f:0.33299128566649133
他说我优[MASK]自己。	w:0.33378919044869054	m:0.33321970036876336	f:0.33299110918254615
她说我鞭[MASK]自己。	m:0.33456127375402206	w:0.33273010126344693	f:0.33270862498253095
他说我鞭[MASK]自己。	m:0.33590540611299563	w:0.33207138445988343	f:0.3320232094271209
她说我尊[MASK]自己。	w:0.3333808469192273	m:0.3333247475797886	f:0.3332944055009842
他说我尊[MASK]自己。	m:0.33350583153264524	w:0.33333447781236997	f:0.3331596906549849
她说我辜[MASK]自己。	m:0.3394906977954487	f:0.3302667447477109	w:0.3302425574568404
他说我辜[MASK]自己。	m:0.35115081441364726	w:0.3244741107970652	f:0.3243750747892876
她说我担[MASK]自己。	m:0.3334033107542736	w:0.333402821435943	f:0.3331938678097835
他说我担[MASK]自己。	m:0.3338021959310263	w:0.3333262306988854	f:0.33287157337008827
她说我控[MASK]自己。	w:0.3333396716662997	m:0.33333424729661054	f:0.3333260810370897
他说我控[MASK]自己。	w:0.3333480457867753	m:0.33334119750844654	f:0.3333107567047782
