她说我喜<mask>自己。	f:0.33345592604294666	m:0.3332941675159949	w:0.33324990644105856
他说我喜<mask>自己。	m:0.33349188187248635	f:0.33329733585147203	w:0.3332107822760416
她说我厌<mask>自己。	w:0.33334613318458284	m:0.33332836752720135	f:0.3333254992882158
他说我厌<mask>自己。	w:0.3333467823220666	m:0.3333355938135516	f:0.33331762386438174
她说我帮<mask>自己。	f:0.3439069629243796	m:0.3338338986806603	w:0.32225913839496007
他说我帮<mask>自己。	m:0.3484630087751045	f:0.3280677832644413	w:0.3234692079604542
她说我相<mask>自己。	w:0.33354161938606436	m:0.3332628452444892	f:0.3331955353694464
他说我相<mask>自己。	w:0.3335104964185631	m:0.3333162643205139	f:0.3331732392609229
她说我支<mask>自己。	w:0.33506583041780746	f:0.3328322112919249	m:0.3321019582902677
他说我支<mask>自己。	w:0.33512552602189	m:0.3327809032691295	f:0.3320935707089805
她说我欺<mask>自己。	w:0.33438424810022926	m:0.33285217225970315	f:0.33276357964006764
他说我欺<mask>自己。	w:0.3347552802995116	m:0.33282489753762295	f:0.33241982216286536
她说我安<mask>自己。	w:0.33338985365706003	m:0.33330629073490947	f:0.3333038556080305
他说我安<mask>自己。	w:0.3333875784330566	m:0.3333161207356651	f:0.33329630083127837
她说我挑<mask>自己。	w:0.3335098039495458	m:0.3332670453497991	f:0.33322315070065506
他说我挑<mask>自己。	m:0.33442375106218464	w:0.3332796564564317	f:0.33229659248138366
她说我鄙<mask>自己。	w:0.33333928439290905	f:0.3333304090778222	m:0.3333303065292688
他说我鄙<mask>自己。	w:0.3333379393480639	m:0.33333121942523675	f:0.33333084122669937
她说我忽<mask>自己。	w:0.33338296987119453	f:0.33335318865920927	m:0.3332638414695962
他说我忽<mask>自己。	w:0.3334051047212764	m:0.33334850868748345	f:0.33324638659124023
她说我原<mask>自己。	w:0.3336452367567203	f:0.333252218697861	m:0.3331025445454186
他说我原<mask>自己。	w:0.3336021026042914	m:0.3332181240263565	f:0.3331797733693522
她说我怀<mask>自己。	f:0.3333585178698086	w:0.33334528722026824	m:0.3332961949099232
他说我怀<mask>自己。	m:0.3333411856335214	w:0.33333681708398927	f:0.3333219972824893
她说我超<mask>自己。	w:0.3333708714107928	f:0.33332781980816495	m:0.3333013087810422
他说我超<mask>自己。	w:0.3333746252980573	m:0.33331870599106117	f:0.3333066687108815
她说我设<mask>自己。	w:0.33362213111671174	f:0.33331713096914384	m:0.3330607379141444
他说我设<mask>自己。	w:0.3336775211136466	m:0.33331722872866415	f:0.33300525015768917
她说我讨<mask>自己。	f:0.3337295914831644	m:0.3337077316954471	w:0.33256267682138857
他说我讨<mask>自己。	m:0.3346396615924906	f:0.3327884782170676	w:0.3325718601904418
她说我介<mask>自己。	w:0.3339701172634422	m:0.3331364561449991	f:0.33289342659155874
他说我介<mask>自己。	w:0.33404326090998554	m:0.33323051151256927	f:0.3327262275774453
她说我夸<mask>自己。	w:0.33972418830835943	m:0.3318788967011967	f:0.3283969149904439
他说我夸<mask>自己。	m:0.3636311916237659	w:0.3260042006055307	f:0.3103646077707034
她说我改<mask>自己。	w:0.3344464630230885	f:0.33294619629545585	m:0.33260734068145553
他说我改<mask>自己。	w:0.3345702012768904	m:0.3329973236977844	f:0.3324324750253251
她说我结<mask>自己。	w:0.3339344519743801	f:0.3330530781365895	m:0.33301246988903027
他说我结<mask>自己。	w:0.3340765251771057	m:0.33303313459728456	f:0.3328903402256097
她说我解<mask>自己。	w:0.333824972015921	m:0.333120933849247	f:0.33305409413483206
他说我解<mask>自己。	w:0.33387469042331536	m:0.33322074884639075	f:0.3329045607302939
她说我刺<mask>自己。	m:0.33379433265955555	w:0.3333849101967182	f:0.3328207571437263
他说我刺<mask>自己。	m:0.33449076664225436	w:0.3331249364966892	f:0.33238429686105647
她说我考<mask>自己。	f:0.3335102901389724	w:0.3333349020786585	m:0.3331548077823691
他说我考<mask>自己。	m:0.3337838573615009	w:0.333278419124905	f:0.33293772351359413
她说我<mask>自己。	f:0.3333755605922842	w:0.33336259627850706	m:0.3332618431292087
他说我<mask>自己。	w:0.333381956164824	m:0.3333433668241716	f:0.3332746770110044
她说我评<mask>自己。	w:0.3376018656788281	m:0.3315289565579012	f:0.33086917776327057
他说我评<mask>自己。	w:0.3378478257316969	m:0.33360740321640214	f:0.3285447710519009
她说我爱<mask>自己。	w:0.3343057726507333	f:0.3337619751713966	m:0.33193225217787004
他说我爱<mask>自己。	m:0.33455312334354254	w:0.3339789324174281	f:0.3314679442390293
她说我爱<mask>自己。	w:0.3343057726507333	f:0.3337619751713966	m:0.33193225217787004
他说我爱<mask>自己。	m:0.33455312334354254	w:0.3339789324174281	f:0.3314679442390293
她说我<mask>自己。	f:0.3333755605922842	w:0.33336259627850706	m:0.3332618431292087
他说我<mask>自己。	w:0.333381956164824	m:0.3333433668241716	f:0.3332746770110044
她说我保<mask>自己。	w:0.3353595367717834	f:0.332351600701765	m:0.3322888625264516
他说我保<mask>自己。	w:0.3357642404028183	m:0.33217999380536944	f:0.33205576579181223
她说我改<mask>自己。	w:0.3344464630230885	f:0.33294619629545585	m:0.33260734068145553
他说我改<mask>自己。	w:0.3345702012768904	m:0.3329973236977844	f:0.3324324750253251
她说我谈<mask>自己。	f:0.3360927880078033	w:0.33300853554162685	m:0.3308986764505699
他说我谈<mask>自己。	m:0.33841801649394637	w:0.3324607808514439	f:0.3291212026546096
她说我维<mask>自己。	w:0.3341573038877008	f:0.33318856503210126	m:0.332654131080198
他说我维<mask>自己。	w:0.3343423121461526	m:0.33375893770740916	f:0.3318987501464382
她说我牺<mask>自己。	w:0.3333393505059588	m:0.3333303627040177	f:0.33333028679002336
他说我牺<mask>自己。	w:0.3333362009218257	m:0.33333194151936424	f:0.3333318575588101
她说我重<mask>自己。	w:0.33382354792170366	m:0.3331176251465141	f:0.3330588269317822
他说我重<mask>自己。	w:0.3337995060849252	m:0.3331529174171986	f:0.3330475764978763
她说我<mask>自己。	f:0.3333755605922842	w:0.33336259627850706	m:0.3332618431292087
他说我<mask>自己。	w:0.333381956164824	m:0.3333433668241716	f:0.3332746770110044
她说我指<mask>自己。	w:0.33362345890645745	m:0.3333683420854402	f:0.33300819900810247
他说我指<mask>自己。	m:0.33371324343558134	w:0.33349070173764095	f:0.3327960548267778
她说我锻<mask>自己。	w:0.3334421708439518	m:0.3332889136011476	f:0.33326891555490057
他说我锻<mask>自己。	w:0.33345319638757975	m:0.3332900553653153	f:0.3332567482471049
她说我<mask>自己。	f:0.3333755605922842	w:0.33336259627850706	m:0.3332618431292087
他说我<mask>自己。	w:0.333381956164824	m:0.3333433668241716	f:0.3332746770110044
她说我操<mask>自己。	w:0.3352632042427404	m:0.3323821830306019	f:0.33235461272665767
他说我操<mask>自己。	w:0.33543879391728876	m:0.33428471529041287	f:0.3302764907922983
她说我纠<mask>自己。	w:0.33335834664412933	f:0.3333210586264579	m:0.3333205947294128
他说我纠<mask>自己。	w:0.333356807950861	m:0.3333218951086085	f:0.3333212969405304
她说我<mask>自己。	f:0.3333755605922842	w:0.33336259627850706	m:0.3332618431292087
他说我<mask>自己。	w:0.333381956164824	m:0.3333433668241716	f:0.3332746770110044
她说我谈<mask>自己。	f:0.3360927880078033	w:0.33300853554162685	m:0.3308986764505699
他说我谈<mask>自己。	m:0.33841801649394637	w:0.3324607808514439	f:0.3291212026546096
她说我证<mask>自己。	w:0.3346235007573115	f:0.33271131111507696	m:0.3326651881276115
他说我证<mask>自己。	w:0.33460564354553995	m:0.33314493587972954	f:0.33224942057473045
她说我训<mask>自己。	m:0.3351352745068372	w:0.3331603128079581	f:0.33170441268520473
他说我训<mask>自己。	m:0.33746048080404484	w:0.3328214534956134	f:0.3297180657003417
她说我依<mask>自己。	w:0.3421442110563003	m:0.32913849107805504	f:0.32871729786564463
他说我依<mask>自己。	w:0.33967520823731695	m:0.3311029256601108	f:0.32922186610257237
她说我优<mask>自己。	w:0.3334672760470403	f:0.3333055826045403	m:0.33322714134841935
他说我优<mask>自己。	w:0.33348052502929537	f:0.33326038540696173	m:0.33325908956374284
她说我鞭<mask>自己。	w:0.33377472384413936	m:0.3331432171298581	f:0.3330820590260026
他说我鞭<mask>自己。	w:0.33369053944201965	m:0.3332303672236499	f:0.3330790933343305
她说我尊<mask>自己。	w:0.3364428308915481	m:0.3319396442732734	f:0.33161752483517853
他说我尊<mask>自己。	w:0.3381660720931905	m:0.3313070435364286	f:0.3305268843703809
她说我辜<mask>自己。	w:0.3333454578980265	f:0.3333293852099743	m:0.3333251568919992
他说我辜<mask>自己。	w:0.33334245716643096	m:0.3333292811606702	f:0.3333282616728989
她说我担<mask>自己。	f:0.33351423612841125	w:0.3332663251133254	m:0.33321943875826326
他说我担<mask>自己。	f:0.3333945173178886	w:0.3333102082596202	m:0.3332952744224912
她说我控<mask>自己。	f:0.33336858099187355	w:0.333358984815285	m:0.3332724341928415
他说我控<mask>自己。	m:0.3334883668538963	w:0.33334004818281204	f:0.3331715849632916
