如果她说这本书伤害了自己,那么这本书伤害了<mask>。	f:0.4210689753579776	m:0.28977948630512695	t:0.2891515383368956
如果他说这本书改变了自己,那么这本书改变了<mask>。	m:0.36521186982189363	t:0.3178131589659693	f:0.31697497121213697
如果他说这本书影响了自己,那么这本书影响了<mask>。	m:0.3600444388092978	t:0.3200237127308115	f:0.31993184845989076
如果他说这本书吸引了自己,那么这本书吸引了<mask>。	m:0.3761033515839847	f:0.3123915813407237	t:0.31150506707529163
如果她说这本书启发了自己,那么这本书启发了<mask>。	f:0.40656601729208103	m:0.2971202381632748	t:0.29631374454464426
如果他说这本书激励了自己,那么这本书激励了<mask>。	m:0.353529771752291	t:0.3232598491360803	f:0.32321037911162864
如果她说这本书刺激了自己,那么这本书刺激了<mask>。	f:0.42591069211836635	m:0.28747496730683536	t:0.28661434057479823
如果他说这本书困扰了自己,那么这本书困扰了<mask>。	m:0.3534305849430533	f:0.3233560425159652	t:0.3232133725409814
如果他说这本书鼓舞了自己,那么这本书鼓舞了<mask>。	m:0.3562725086274171	f:0.3218766818971441	t:0.32185080947543887
如果他说这本书鞭策了自己,那么这本书鞭策了<mask>。	m:0.3495804268430973	f:0.32522756982100626	t:0.32519200333589654
如果他说这本书感动了自己,那么这本书感动了<mask>。	m:0.3577233860348514	f:0.3212940795634788	t:0.32098253440166985
如果他说这本书迷惑了自己,那么这本书迷惑了<mask>。	m:0.36176931457486355	t:0.3193180494893616	f:0.3189126359357749
如果她说这本书提醒了自己,那么这本书提醒了<mask>。	f:0.39085607219893564	m:0.30463228733621117	t:0.30451164046485313
如果他说这封信伤害了自己,那么这封信伤害了<mask>。	m:0.35655151895211995	f:0.32246274299399375	t:0.32098573805388625
如果她说这封信改变了自己,那么这封信改变了<mask>。	f:0.43300047276664144	m:0.28414857422416245	t:0.28285095300919627
如果她说这封信影响了自己,那么这封信影响了<mask>。	f:0.4177907947682834	m:0.2920743912182478	t:0.2901348140134688
如果她说这封信吸引了自己,那么这封信吸引了<mask>。	f:0.39709366185659006	m:0.3060875396447917	t:0.2968187984986182
如果她说这封信启发了自己,那么这封信启发了<mask>。	f:0.421171751951198	m:0.2902472890503126	t:0.2885809589984893
如果他说这封信激励了自己,那么这封信激励了<mask>。	m:0.35828615272941655	f:0.32169178579605184	t:0.3200220614745315
如果他说这封信刺激了自己,那么这封信刺激了<mask>。	m:0.3559004319941109	f:0.3227395650003598	t:0.3213600030055293
如果她说这封信困扰了自己,那么这封信困扰了<mask>。	f:0.40209836956497275	m:0.29931346497710953	t:0.29858816545791783
如果她说这封信鼓舞了自己,那么这封信鼓舞了<mask>。	f:0.4254859883266141	m:0.28822800138160537	t:0.28628601029178047
如果他说这封信鞭策了自己,那么这封信鞭策了<mask>。	m:0.35603323259898934	f:0.3226505485856527	t:0.321316218815358
如果她说这封信感动了自己,那么这封信感动了<mask>。	f:0.4162721915983299	m:0.292934808147939	t:0.29079300025373117
如果她说这封信刺激了自己,那么这封信刺激了<mask>。	f:0.4366024561130645	m:0.28299310307270253	t:0.28040444081423305
如果她说这封信迷惑了自己,那么这封信迷惑了<mask>。	f:0.4287849862543339	m:0.28665819794261127	t:0.28455681580305475
如果她说这封信提醒了自己,那么这封信提醒了<mask>。	f:0.448323070080553	m:0.27618765688412844	t:0.27548927303531856
如果她说这封信激励了自己,那么这封信激励了<mask>。	f:0.4370230586487904	m:0.2823909724675515	t:0.28058596888365817
如果他说这个举动伤害了自己,那么这个举动伤害了<mask>。	m:0.3481168516723097	f:0.3289166129039726	t:0.32296653542371767
如果她说这个举动改变了自己,那么这个举动改变了<mask>。	f:0.39440326382256796	m:0.30405906418289835	t:0.3015376719945337
如果她说这个举动影响了自己,那么这个举动影响了<mask>。	f:0.37464266954322784	m:0.31530156899116046	t:0.31005576146561176
如果他说这个举动吸引了自己,那么这个举动吸引了<mask>。	m:0.3680694326361689	f:0.3170259482509076	t:0.3149046191129235
如果她说这个举动启发了自己,那么这个举动启发了<mask>。	f:0.38166822933881694	m:0.3107989203044176	t:0.3075328503567655
如果他说这个举动激励了自己,那么这个举动激励了<mask>。	m:0.34391721165165684	f:0.32878088832836116	t:0.32730190001998194
如果他说这个举动刺激了自己,那么这个举动刺激了<mask>。	m:0.34591678910061346	f:0.33214989913654497	t:0.3219333117628417
如果她说这个举动困扰了自己,那么这个举动困扰了<mask>。	f:0.3963274786108495	m:0.30353486207627417	t:0.30013765931287645
如果她说这个举动鼓舞了自己,那么这个举动鼓舞了<mask>。	f:0.3824812407037679	m:0.30994520624123545	t:0.30757355305499656
如果他说这个举动鞭策了自己,那么这个举动鞭策了<mask>。	m:0.34729989805485084	f:0.32723429302656715	t:0.32546580891858207
如果她说这个举动感动了自己,那么这个举动感动了<mask>。	f:0.3591468504012562	m:0.32173681080239175	t:0.31911633879635215
如果他说这个举动迷惑了自己,那么这个举动迷惑了<mask>。	m:0.34594270236374935	f:0.3281439731146197	t:0.3259133245216309
如果他说这个举动提醒了自己,那么这个举动提醒了<mask>。	m:0.34872185990999444	f:0.32716224288727824	t:0.3241158972027273
如果她说这个举动激励了自己,那么这个举动激励了<mask>。	f:0.3795603286719447	m:0.31172318827543566	t:0.30871648305261956
如果他说这个结果伤害了自己,那么这个结果伤害了<mask>。	m:0.3466233379240989	f:0.3268565956582896	t:0.32652006641761155
如果他说这个结果改变了自己,那么这个结果改变了<mask>。	m:0.3473570683326269	t:0.3265813664701972	f:0.3260615651971758
如果他说这个结果影响了自己,那么这个结果影响了<mask>。	m:0.34643322715998026	t:0.3267978777567336	f:0.3267688950832862
如果他说这个结果吸引了自己,那么这个结果吸引了<mask>。	m:0.37301576022207655	t:0.31357562555384155	f:0.31340861422408184
如果他说这个结果启发了自己,那么这个结果启发了<mask>。	m:0.3476653372139426	t:0.32632537721132443	f:0.326009285574733
如果他说这个结果激励了自己,那么这个结果激励了<mask>。	m:0.34220668620863354	t:0.3291155778118124	f:0.3286777359795541
如果她说这个结果刺激了自己,那么这个结果刺激了<mask>。	f:0.41164298940713645	m:0.2951044524017239	t:0.2932525581911396
如果她说这个结果困扰了自己,那么这个结果困扰了<mask>。	f:0.39555907925197636	m:0.3027132891939591	t:0.3017276315540644
如果她说这个结果鼓舞了自己,那么这个结果鼓舞了<mask>。	f:0.39983550515923055	m:0.30060483903978835	t:0.29955965580098115
如果她说这个结果鞭策了自己,那么这个结果鞭策了<mask>。	f:0.3943636780841068	m:0.3034376794759787	t:0.30219864243991457
如果她说这个结果感动了自己,那么这个结果感动了<mask>。	f:0.3846716231790564	m:0.30837773225699766	t:0.3069506445639459
如果他说这个结果刺激了自己,那么这个结果刺激了<mask>。	m:0.34945955705332366	f:0.32636710455909734	t:0.32417333838757906
如果他说这个结果迷惑了自己,那么这个结果迷惑了<mask>。	m:0.3480813601437397	t:0.3260388570348119	f:0.32587978282144836
如果她说这个结果提醒了自己,那么这个结果提醒了<mask>。	f:0.40801543613305213	m:0.29629452677639284	t:0.295690037090555
如果她说这个结果激励了自己,那么这个结果激励了<mask>。	f:0.3862453404345686	m:0.30730777739058646	t:0.30644688217484484
如果他说这个问题伤害了自己,那么这个问题伤害了<mask>。	m:0.35581011576757565	f:0.3226090107715309	t:0.3215808734608934
如果她说这个问题改变了自己,那么这个问题改变了<mask>。	f:0.42152974914457625	m:0.2900876169511873	t:0.28838263390423635
如果她说这个问题影响了自己,那么这个问题影响了<mask>。	f:0.390989443244089	m:0.30601982059915855	t:0.3029907361567525
如果她说这个问题吸引了自己,那么这个问题吸引了<mask>。	f:0.3666040234629362	m:0.32346816426662317	t:0.3099278122704406
如果他说这个问题启发了自己,那么这个问题启发了<mask>。	m:0.35062896958455286	t:0.3246918497418449	f:0.32467918067360224
如果他说这个问题激励了自己,那么这个问题激励了<mask>。	m:0.34668458160841303	f:0.3266844715643725	t:0.3266309468272145
如果他说这个问题刺激了自己,那么这个问题刺激了<mask>。	m:0.35057958822839475	f:0.3255504806233973	t:0.32386993114820795
如果他说这个问题困扰了自己,那么这个问题困扰了<mask>。	m:0.34327083108328643	f:0.3285242258380492	t:0.3282049430786643
如果他说这个问题鼓舞了自己,那么这个问题鼓舞了<mask>。	m:0.35483309953346504	f:0.3226772728957242	t:0.3224896275708109
如果他说这个问题鞭策了自己,那么这个问题鞭策了<mask>。	m:0.3499357935913626	f:0.32504399001019474	t:0.32502021639844253
如果他说这个问题感动了自己,那么这个问题感动了<mask>。	m:0.35069098484904493	f:0.3249357976822405	t:0.32437321746871445
如果她说这个问题迷惑了自己,那么这个问题迷惑了<mask>。	f:0.40464760526737914	m:0.2985170310613344	t:0.29683536367128643
如果她说这个问题提醒了自己,那么这个问题提醒了<mask>。	f:0.4157154673767016	m:0.292873610255604	t:0.2914109223676944
如果她说这句话伤害了自己,那么这句话伤害了<mask>。	f:0.4205510664757086	m:0.2906627061268657	t:0.28878622739742565
如果她说这句话改变了自己,那么这句话改变了<mask>。	f:0.4034008301552623	m:0.2989596591431905	t:0.29763951070154726
如果他说这句话影响了自己,那么这句话影响了<mask>。	m:0.3577566449758045	f:0.3212671742439642	t:0.3209761807802312
如果他说这句话吸引了自己,那么这句话吸引了<mask>。	m:0.37826291420105	f:0.3117136352257096	t:0.31002345057324043
如果她说这句话启发了自己,那么这句话启发了<mask>。	f:0.38671789085982483	m:0.30735918683707486	t:0.3059229223031002
如果她说这句话激励了自己,那么这句话激励了<mask>。	f:0.3980739239794721	m:0.3016685204729369	t:0.30025755554759087
如果他说这句话刺激了自己,那么这句话刺激了<mask>。	m:0.3560591411573125	f:0.32231525917157017	t:0.3216255996711174
如果他说这句话困扰了自己,那么这句话困扰了<mask>。	m:0.3506840683818621	f:0.32482884765888925	t:0.3244870839592487
如果他说这句话鼓舞了自己,那么这句话鼓舞了<mask>。	m:0.35316890481347574	f:0.32358547990922215	t:0.32324561527730217
如果他说这句话鞭策了自己,那么这句话鞭策了<mask>。	m:0.3477945694505999	f:0.32631821933911603	t:0.3258872112102841
如果他说这句话感动了自己,那么这句话感动了<mask>。	m:0.35005676524030027	f:0.32532487928690196	t:0.3246183554727977
如果他说这句话迷惑了自己,那么这句话迷惑了<mask>。	m:0.3561653207121401	f:0.32206707378446997	t:0.32176760550338984
如果她说这句话提醒了自己,那么这句话提醒了<mask>。	f:0.38979728327185253	m:0.30529670048999896	t:0.3049060162381485
如果他说这个事件伤害了自己,那么这个事件伤害了<mask>。	m:0.3469380060996287	f:0.32692907296222506	t:0.3261329209381463
如果他说这个事件改变了自己,那么这个事件改变了<mask>。	m:0.3539198969209775	f:0.323178325496846	t:0.32290177758217653
如果他说这个事件影响了自己,那么这个事件影响了<mask>。	m:0.3514236571376364	f:0.3246872658679308	t:0.32388907699443287
如果她说这个事件吸引了自己,那么这个事件吸引了<mask>。	f:0.3924387322042031	m:0.3072787753748895	t:0.30028249242090727
如果她说这个事件启发了自己,那么这个事件启发了<mask>。	f:0.395715816564533	m:0.30290621024960834	t:0.30137797318585874
如果她说这个事件激励了自己,那么这个事件激励了<mask>。	f:0.3993857532774791	m:0.300717747139263	t:0.2998964995832578
如果她说这个事件刺激了自己,那么这个事件刺激了<mask>。	f:0.41326021812553826	m:0.2941512667891686	t:0.29258851508529315
如果她说这个事件困扰了自己,那么这个事件困扰了<mask>。	f:0.38771234548570543	m:0.306666512419905	t:0.30562114209438945
如果她说这个事件鼓舞了自己,那么这个事件鼓舞了<mask>。	f:0.41141593396459913	m:0.2947203399508583	t:0.29386372608454253
如果他说这个事件鞭策了自己,那么这个事件鞭策了<mask>。	m:0.351679907041339	f:0.32458338391628166	t:0.3237367090423792
如果她说这个事件感动了自己,那么这个事件感动了<mask>。	f:0.3792538617490457	m:0.3108852862409494	t:0.30986085201000496
如果他说这个事件迷惑了自己,那么这个事件迷惑了<mask>。	m:0.3504268650577305	f:0.32506758675127784	t:0.3245055481909917
如果她说这个事件提醒了自己,那么这个事件提醒了<mask>。	f:0.3966770201672214	m:0.3021452568301667	t:0.301177723002612
如果他说它伤害了自己,那么它伤害了<mask>。	m:0.3490519464726556	f:0.3260309243257773	t:0.32491712920156723
如果他说它改变了自己,那么它改变了<mask>。	m:0.35038553894872	t:0.3248914119727125	f:0.3247230490785674
如果她说它影响了自己,那么它影响了<mask>。	f:0.3743251118547716	m:0.313598605321561	t:0.31207628282366734
如果他说它吸引了自己,那么它吸引了<mask>。	m:0.36396554514626966	f:0.3186789814345271	t:0.3173554734192032
如果他说它启发了自己,那么它启发了<mask>。	m:0.34984022372678136	f:0.3251122343614863	t:0.32504754191173235
如果他说它激励了自己,那么它激励了<mask>。	m:0.341876879732562	t:0.3291306514046328	f:0.3289924688628052
如果她说它刺激了自己,那么它刺激了<mask>。	f:0.38995906897740373	m:0.3060932082309743	t:0.30394772279162213
如果她说它困扰了自己,那么它困扰了<mask>。	f:0.3952223829791806	m:0.30288658670644136	t:0.30189103031437814
如果她说它鼓舞了自己,那么它鼓舞了<mask>。	f:0.39968362444114625	m:0.3008196231582091	t:0.2994967524006448
如果她说它鞭策了自己,那么它鞭策了<mask>。	f:0.38849245638920094	m:0.3059536425817839	t:0.3055539010290151
如果她说它感动了自己,那么它感动了<mask>。	f:0.3927959690532524	m:0.30431811238277545	t:0.302885918563972
如果他说它刺激了自己,那么它刺激了<mask>。	m:0.34794769622798305	f:0.32705343685470806	t:0.324998866917309
如果她说它迷惑了自己,那么它迷惑了<mask>。	f:0.38366233457284055	m:0.30876330677330827	t:0.30757435865385113
如果她说它提醒了自己,那么它提醒了<mask>。	f:0.38825866018080124	t:0.3062309683376636	m:0.30551037148153515
