她说我喜欢[MASK]自己。	w:0.44774900076162666	f:0.29092125094227006	m:0.2613297482961033
他说我喜欢[MASK]自己。	w:0.47674371392221204	m:0.2722139893123163	f:0.2510422967654718
她说我厌恶[MASK]自己。	w:0.37166673393500177	f:0.3229579123828034	m:0.3053753536821948
他说我厌恶[MASK]自己。	w:0.3848707538503603	m:0.3191225923235386	f:0.29600665382610114
她说我帮助[MASK]自己。	w:0.34048684277859664	f:0.33133299332684496	m:0.32818016389455834
他说我帮助[MASK]自己。	w:0.3397562830108677	m:0.3347167051516959	f:0.3255270118374363
她说我相信[MASK]自己。	w:0.4987465492272767	f:0.25309457661783674	m:0.24815887415488666
他说我相信[MASK]自己。	w:0.49984653677626856	m:0.2565213127981228	f:0.24363215042560868
她说我支持[MASK]自己。	w:0.45582692571791245	f:0.2856830864344972	m:0.2584899878475905
他说我支持[MASK]自己。	w:0.4704863325281987	m:0.27966668160824193	f:0.24984698586355933
她说我欺骗[MASK]自己。	w:0.3361802176851417	f:0.3324108777972049	m:0.33140890451765337
他说我欺骗[MASK]自己。	w:0.3368418564292007	m:0.33280606541245944	f:0.33035207815833983
她说我安慰[MASK]自己。	w:0.3407058708519873	f:0.3340901045873849	m:0.32520402456062786
他说我安慰[MASK]自己。	w:0.3393445758197236	m:0.3382066103592006	f:0.32244881382107576
她说我挑战[MASK]自己。	w:0.3359277064684797	f:0.3323612777535057	m:0.33171101577801454
他说我挑战[MASK]自己。	w:0.3361846995282502	m:0.3321162746495239	f:0.3316990258222258
她说我鄙视[MASK]自己。	w:0.35739259511547355	f:0.3300477065916905	m:0.3125596982928359
他说我鄙视[MASK]自己。	w:0.37166631155152313	m:0.32452975893886155	f:0.30380392950961527
她说我忽略[MASK]自己。	w:0.333502898679986	f:0.333252700590175	m:0.333244400729839
他说我忽略[MASK]自己。	w:0.3335484092239531	m:0.3332576278390554	f:0.33319396293699155
她说我原谅[MASK]自己。	w:0.417181954996333	f:0.2948197786673169	m:0.28799826633635
他说我原谅[MASK]自己。	w:0.4386959577891918	m:0.2828717602326377	f:0.2784322819781704
她说我怀疑[MASK]自己。	w:0.39804601078040747	f:0.3048292605119962	m:0.2971247287075964
他说我怀疑[MASK]自己。	w:0.4020930804859713	m:0.3086311959299089	f:0.28927572358411985
她说我超越[MASK]自己。	w:0.3341571962737835	f:0.3330052806713542	m:0.3328375230548623
他说我超越[MASK]自己。	w:0.33440691088066393	m:0.33313610304653135	f:0.33245698607280477
她说我设计[MASK]自己。	w:0.34715431705829486	f:0.32699938056102446	m:0.32584630238068063
他说我设计[MASK]自己。	w:0.3501254330720801	m:0.325617860648842	f:0.32425670627907777
她说我讨厌[MASK]自己。	w:0.4190824025486613	f:0.3027436187759856	m:0.2781739786753531
他说我讨厌[MASK]自己。	w:0.4366369089909282	m:0.29193697836019356	f:0.27142611264887817
她说我介绍[MASK]自己。	w:0.34152577693885927	f:0.33594449999167647	m:0.3225297230694643
他说我介绍[MASK]自己。	w:0.3439123090239696	m:0.3358073084804687	f:0.3202803824955618
她说我夸奖[MASK]自己。	f:0.3355563837023326	w:0.33349547081222625	m:0.33094814548544116
他说我夸奖[MASK]自己。	m:0.3360091425598062	w:0.33353792264203064	f:0.33045293479816323
她说我改造[MASK]自己。	w:0.33503247694557203	f:0.3326808165890549	m:0.3322867064653731
他说我改造[MASK]自己。	w:0.3357926533627462	m:0.3324833217790295	f:0.3317240248582243
她说我结束[MASK]自己。	w:0.3410787892316282	f:0.3301709590707941	m:0.3287502516975777
他说我结束[MASK]自己。	w:0.3449541573168705	m:0.32791649308731935	f:0.32712934959581014
她说我解放[MASK]自己。	w:0.3363474872654636	f:0.33192595349159976	m:0.33172655924293654
他说我解放[MASK]自己。	w:0.33791369268939575	m:0.33113162687662706	f:0.33095468043397713
她说我刺激[MASK]自己。	w:0.33576496324869937	f:0.3323177010227894	m:0.33191733572851123
他说我刺激[MASK]自己。	w:0.336232468864862	m:0.33257581697227095	f:0.331191714162867
她说我考虑[MASK]自己。	w:0.34494593027401826	f:0.32826357073959883	m:0.32679049898638296
他说我考虑[MASK]自己。	w:0.347647553489088	m:0.3280321448420063	f:0.3243203016689057
她说我掐[MASK]自己。	f:0.33452407587726535	w:0.33305650702971107	m:0.3324194170930235
他说我掐[MASK]自己。	f:0.3334000105270938	m:0.33334117509837846	w:0.33325881437452776
她说我评论[MASK]自己。	w:0.3483107475264071	f:0.3310213039621793	m:0.3206679485114136
他说我评论[MASK]自己。	w:0.35603220030038096	m:0.32752026742592444	f:0.3164475322736946
她说我爱惜[MASK]自己。	w:0.42821753388520145	f:0.28928871785613675	m:0.28249374825866175
他说我爱惜[MASK]自己。	w:0.44047925717456465	m:0.28194528306891736	f:0.277575459756518
她说我爱护[MASK]自己。	w:0.36628073657811144	f:0.320524003334845	m:0.31319526008704357
他说我爱护[MASK]自己。	w:0.3821924485667236	m:0.3110950945752538	f:0.3067124568580227
她说我爱[MASK]自己。	w:0.43850838308351214	f:0.28619331784016655	m:0.2752982990763214
他说我爱[MASK]自己。	w:0.44811457041223435	m:0.2844702450451668	f:0.2674151845425988
她说我保护[MASK]自己。	w:0.3439134860090033	f:0.3296061940016502	m:0.32648031998934646
他说我保护[MASK]自己。	w:0.3461786728677597	m:0.32817425044042525	f:0.32564707669181503
她说我改正[MASK]自己。	w:0.3344460844796578	f:0.33284513198669247	m:0.33270878353364974
他说我改正[MASK]自己。	w:0.3345703648946164	m:0.33288055727887383	f:0.33254907782650966
她说我谈论[MASK]自己。	w:0.3635770318626344	f:0.33044135588646667	m:0.3059816122508988
他说我谈论[MASK]自己。	w:0.37547167437391094	m:0.31705665865472754	f:0.3074716669713615
她说我维护[MASK]自己。	w:0.3477469599062811	f:0.3277159927957357	m:0.3245370472979832
他说我维护[MASK]自己。	w:0.3535724360969782	m:0.3255642045575634	f:0.32086335934545834
她说我牺牲[MASK]自己。	w:0.3360421647384617	f:0.33210639055752195	m:0.33185144470401623
他说我牺牲[MASK]自己。	w:0.3369265389005883	m:0.33185707149391025	f:0.3312163896055015
她说我重复[MASK]自己。	w:0.36438538621815	f:0.3211297820536507	m:0.3144848317281993
他说我重复[MASK]自己。	w:0.37480932691211655	m:0.31558581650022033	f:0.3096048565876631
她说我抓[MASK]自己。	w:0.33344792655166616	m:0.3332812901319671	f:0.3332707833163668
他说我抓[MASK]自己。	w:0.33342686161603957	m:0.3333040368345956	f:0.33326910154936484
她说我指着[MASK]自己。	f:0.383774178482162	w:0.3335111222832761	m:0.2827146992345619
他说我指着[MASK]自己。	m:0.36401533914161793	w:0.35337505472600117	f:0.2826096061323809
她说我锻炼[MASK]自己。	w:0.33707312939131934	f:0.3318664631571123	m:0.3310604074515684
他说我锻炼[MASK]自己。	w:0.33659965296991773	m:0.33191509818303677	f:0.3314852488470455
她说我打[MASK]自己。	w:0.3372779615852388	m:0.3315989185164109	f:0.33112311989835025
他说我打[MASK]自己。	w:0.3381763293586243	m:0.33160439930988905	f:0.33021927133148665
她说我操心[MASK]自己。	w:0.33662246666081674	m:0.3324129548014847	f:0.3309645785376987
他说我操心[MASK]自己。	w:0.33730862797618294	m:0.33419112049689675	f:0.3285002515269203
她说我纠正[MASK]自己。	w:0.34303884393877526	f:0.3294080222253861	m:0.3275531338358386
他说我纠正[MASK]自己。	w:0.34367139677173514	m:0.3292038869893397	f:0.32712471623892514
她说我扎[MASK]自己。	w:0.333690949494556	m:0.3332117494959372	f:0.33309730100950674
他说我扎[MASK]自己。	w:0.33361884849797635	m:0.3332897053937726	f:0.333091446108251
她说我谈到[MASK]自己。	w:0.38100712978457435	f:0.32738320329150405	m:0.29160966692392154
他说我谈到[MASK]自己。	w:0.4045250444301824	m:0.30878424776328944	f:0.28669070780652817
她说我证明[MASK]自己。	w:0.35284395974489635	f:0.3240393529560168	m:0.3231166872990869
他说我证明[MASK]自己。	w:0.35581360085218694	m:0.32294275197763633	f:0.32124364717017684
她说我训练[MASK]自己。	w:0.33480628269211904	f:0.3328940404965083	m:0.3322996768113727
他说我训练[MASK]自己。	w:0.3349303449966787	m:0.3327879894317821	f:0.3322816655715392
她说我依靠[MASK]自己。	w:0.39343437695369315	f:0.30631024129954576	m:0.3002553817467611
他说我依靠[MASK]自己。	w:0.41725284951487235	m:0.2983048612517186	f:0.284442289233409
她说我优待[MASK]自己。	w:0.3461693983193143	f:0.3290938928896973	m:0.32473670879098826
他说我优待[MASK]自己。	w:0.347573749210341	m:0.33370986682433035	f:0.31871638396532864
她说我鞭策[MASK]自己。	w:0.3358747227319718	f:0.33249549909613557	m:0.33162977817189265
他说我鞭策[MASK]自己。	w:0.33668447075109753	m:0.3321476083506179	f:0.33116792089828456
她说我尊重[MASK]自己。	w:0.44126777653583993	f:0.291668089820818	m:0.267064133643342
他说我尊重[MASK]自己。	w:0.4582481580981389	m:0.28607780145690687	f:0.2556740404449543
她说我辜负[MASK]自己。	w:0.33376646714606134	f:0.3331589514540611	m:0.33307458139987745
他说我辜负[MASK]自己。	w:0.3340635504016809	m:0.3331003440770056	f:0.3328361055213134
她说我担心[MASK]自己。	w:0.4181106512113302	f:0.3018475664736252	m:0.28004178231504473
他说我担心[MASK]自己。	w:0.4292221818585875	m:0.304604826985187	f:0.26617299115622545
她说我控制[MASK]自己。	w:0.33512303609374583	m:0.332552865980726	f:0.33232409792552825
他说我控制[MASK]自己。	w:0.3359281196813234	m:0.3325460926044132	f:0.33152578771426333
