她说我喜欢	f:0.33364157808552036	m:0.3277270115515939	w:0.3386314103628857
他说我喜欢	f:0.32773594640481785	m:0.33254888629041485	w:0.3397151673047674
她说我厌恶	f:0.33271359495099184	m:0.32642992379148345	w:0.34085648125752477
他说我厌恶	f:0.32706714083655297	m:0.33167876530625595	w:0.34125409385719113
她说我帮助	f:0.33416991182166217	m:0.32743438058702057	w:0.3383957075913172
他说我帮助	f:0.3276985158118516	m:0.3323823033882922	w:0.3399191807998562
她说我相信	f:0.33360473854821787	m:0.32845504274832404	w:0.3379402187034581
他说我相信	f:0.3286303152147547	m:0.3325051256025642	w:0.3388645591826811
她说我支持	f:0.3341562247065221	m:0.3275754030833542	w:0.33826837221012357
他说我支持	f:0.3279084381728078	m:0.3325251293210845	w:0.33956643250610763
她说我欺骗	f:0.33231302165124516	m:0.3276748588534666	w:0.34001211949528826
他说我欺骗	f:0.32764927656119136	m:0.33083994275713885	w:0.3415107806816698
她说我安慰	f:0.33473244139707997	m:0.3275259453269225	w:0.33774161327599755
他说我安慰	f:0.3280369479400026	m:0.33268323485140533	w:0.33927981720859207
她说我挑战	f:0.33373953211779955	m:0.3280289475933894	w:0.33823152028881104
他说我挑战	f:0.3281307082480705	m:0.3326820728901466	w:0.33918721886178294
她说我鄙视	f:0.33387603815940003	m:0.32687961913834485	w:0.3392443427022552
他说我鄙视	f:0.32727570494471425	m:0.3322951633915605	w:0.34042913166372524
她说我忽略	f:0.3330423119525157	m:0.32921713243993156	w:0.3377405556075528
他说我忽略	f:0.3294925937145958	m:0.33195873029010403	w:0.3385486759953001
她说我原谅	f:0.33351457696708214	m:0.32832856755971723	w:0.3381568554732006
他说我原谅	f:0.32855711191865705	m:0.33196067915765426	w:0.3394822089236888
她说我怀疑	f:0.33338012536015565	m:0.32845210619742565	w:0.33816776844241864
他说我怀疑	f:0.32860948387287764	m:0.3323312921494049	w:0.3390592239777175
她说我超越	f:0.3337063999238425	m:0.32825043596978326	w:0.3380431641063743
他说我超越	f:0.32850171410625895	m:0.33236623221890743	w:0.33913205367483373
她说我设计	f:0.33430346900205915	m:0.3282830878673819	w:0.33741344313055893
他说我设计	f:0.3288385609033874	m:0.3325176428347563	w:0.3386437962618563
她说我讨厌	f:0.33381395758465415	m:0.32785502312986997	w:0.3383310192854758
他说我讨厌	f:0.3280516021354421	m:0.3325466846898986	w:0.33940171317465934
她说我介绍	f:0.3344771731696436	m:0.3277088318097925	w:0.337813995020564
他说我介绍	f:0.3280644966974212	m:0.3332236844669521	w:0.33871181883562673
她说我夸奖	f:0.3340729839799891	m:0.32731868687071514	w:0.33860832914929573
他说我夸奖	f:0.32685750475048014	m:0.3323556359166125	w:0.3407868593329073
她说我改造	f:0.3339228815621806	m:0.32732653167848613	w:0.3387505867593333
他说我改造	f:0.3277926917216717	m:0.33236701474652947	w:0.3398402935317988
她说我结束	f:0.3342027132382714	m:0.32752574057741213	w:0.33827154618431654
他说我结束	f:0.327790102977182	m:0.33297637239564	w:0.33923352462717804
她说我解放	f:0.3352422236385134	m:0.32753576105153315	w:0.33722201530995344
他说我解放	f:0.3278528816818295	m:0.33346098687576625	w:0.33868613144240417
她说我刺激	f:0.3336275285937499	m:0.32874674238130674	w:0.33762572902494337
他说我刺激	f:0.32897405570827054	m:0.3323641225665414	w:0.33866182172518805
她说我考虑	f:0.3337816688633885	m:0.32832859226125005	w:0.33788973887536145
他说我考虑	f:0.3288072595419783	m:0.33262063292858773	w:0.33857210752943395
她说我掐	f:0.3329489425218536	m:0.32883631042335165	w:0.3382147470547947
他说我掐	f:0.3295680075030403	m:0.33196186673402217	w:0.3384701257629375
她说我评论	f:0.3327314964999522	m:0.32849074054411764	w:0.3387777629559302
他说我评论	f:0.3284979136093428	m:0.3315352781867845	w:0.33996680820387265
她说我爱惜	f:0.3320110056116583	m:0.32853104259178995	w:0.3394579517965517
他说我爱惜	f:0.3284542855000056	m:0.3311361052765256	w:0.34040960922346886
她说我爱护	f:0.33510728905794124	m:0.32767635397162487	w:0.337216356970434
他说我爱护	f:0.3281249019820207	m:0.3332561603345404	w:0.3386189376834388
她说我爱	f:0.3332590079011744	m:0.3291411535681775	w:0.3375998385306481
他说我爱	f:0.3294195639577197	m:0.33200102760512223	w:0.33857940843715806
她说我保护	f:0.33498158426339525	m:0.3273109046098416	w:0.33770751112676306
他说我保护	f:0.3279244720965385	m:0.3328396850332721	w:0.3392358428701894
她说我改正	f:0.3338191159579911	m:0.3282526360710218	w:0.33792824797098714
他说我改正	f:0.3286125655986081	m:0.33249542462798487	w:0.338892009773407
她说我谈论	f:0.33339666519620037	m:0.3270610994889231	w:0.3395422353148765
他说我谈论	f:0.32726952170772683	m:0.33206406310031206	w:0.34066641519196106
她说我维护	f:0.33514514680706503	m:0.32813840087670987	w:0.3367164523162252
他说我维护	f:0.32875371868226305	m:0.33344790494617693	w:0.33779837637156
她说我牺牲	f:0.33251148427293414	m:0.32845246531770445	w:0.33903605040936136
他说我牺牲	f:0.3285314028334395	m:0.33159057584218876	w:0.33987802132437167
她说我重复	f:0.3334398965221775	m:0.32745613424714437	w:0.3391039692306782
他说我重复	f:0.3278646872426932	m:0.33219744241592575	w:0.3399378703413811
她说我抓	f:0.3327096297495261	m:0.3292022267608594	w:0.3380881434896145
他说我抓	f:0.3296364166692436	m:0.3319262032532228	w:0.33843738007753366
她说我指着	f:0.33364595473357406	m:0.32802191555576204	w:0.33833212971066384
他说我指着	f:0.3280254324546282	m:0.33225626439403716	w:0.3397183031513347
她说我锻炼	f:0.3319997489127349	m:0.3247021971263765	w:0.3432980539608886
他说我锻炼	f:0.32544719983321024	m:0.3309319974535266	w:0.3436208027132631
她说我打	f:0.33341265902939227	m:0.32762459686924156	w:0.3389627441013662
他说我打	f:0.3284615788298272	m:0.33225588698831826	w:0.33928253418185456
她说我操心	f:0.3327257666023784	m:0.3254084212851335	w:0.3418658121124881
他说我操心	f:0.3259906179855288	m:0.3315044589677448	w:0.34250492304672636
她说我纠正	f:0.33400603544593727	m:0.32835513977408193	w:0.33763882477998075
他说我纠正	f:0.32882360164935204	m:0.3328600091152652	w:0.3383163892353827
她说我扎	f:0.33294303081286	m:0.3290109976525608	w:0.3380459715345792
他说我扎	f:0.32957763543469853	m:0.3321350372464436	w:0.33828732731885797
她说我谈到	f:0.33237706337445505	m:0.3269430179388203	w:0.34067991868672476
他说我谈到	f:0.3274426698588659	m:0.3314913205384857	w:0.34106600960264843
她说我证明	f:0.3335448079083712	m:0.3290964418054076	w:0.3373587502862212
他说我证明	f:0.32950192171904025	m:0.33237237976233774	w:0.33812569851862206
她说我训练	f:0.3340023837835718	m:0.32683893859189656	w:0.33915867762453167
他说我训练	f:0.32714927542389377	m:0.33238218679489395	w:0.3404685377812123
她说我依靠	f:0.33317771505122556	m:0.32698476268964277	w:0.33983752225913166
他说我依靠	f:0.3273351668557166	m:0.33195779770112893	w:0.3407070354431545
她说我优待	f:0.33351784413870894	m:0.3289000579639467	w:0.3375820978973444
他说我优待	f:0.3290619052682546	m:0.33206167162201383	w:0.33887642310973165
她说我鞭策	f:0.3344681701488818	m:0.32849093402128254	w:0.33704089582983565
他说我鞭策	f:0.32880197067004835	m:0.3328585783175932	w:0.33833945101235846
她说我尊重	f:0.3337943937124744	m:0.3283951158464915	w:0.33781049044103406
他说我尊重	f:0.32847886225973705	m:0.3325591866106982	w:0.3389619511295647
她说我辜负	f:0.3327356144676014	m:0.3291113071906377	w:0.33815307834176095
他说我辜负	f:0.3292507236144028	m:0.3315482934446124	w:0.3392009829409848
她说我担心	f:0.3332286746399113	m:0.3277693160631	w:0.33900200929698876
他说我担心	f:0.32821417162160904	m:0.33195619228020307	w:0.33982963609818784
她说我控制	f:0.3361411893060467	m:0.32632612723121734	w:0.33753268346273585
他说我控制	f:0.32725028987639854	m:0.3335457369264724	w:0.3392039731971291
